224 165.247000 16.736154 -1.336219 88.252092 0.020590 0.686059 0.012596 0.727145
18 15.345080 15.779267 -1.326294 88.242296 0.018495 0.685902 0.011145 0.727374
495 343.008300 126.799181  -3.616667 222.162342 -0.024302 -0.737691  0.013842  0.674559
341 245.163700 127.150048  -3.590039 222.420235 -0.027784 -0.735293  0.014543  0.677023
506 347.153500  88.023903  -2.844247 218.939494 -0.037022 -0.722983  0.011038  0.689785
350 249.102500  89.481018  -2.845860 219.374773 -0.043021 -0.735698  0.009152  0.675880
507 347.464300  85.521288  -2.803277 218.846127 -0.037277 -0.722453  0.009654  0.690347
351 249.517200  85.986074  -2.728365 218.908477 -0.041018 -0.746973  0.005928  0.663561
518 356.162700  59.045257  -1.929952 244.294519 -0.018054 -0.604956 -0.014271  0.795927
54 44.580030  60.202427  -1.978024 244.246639 -0.017057 -0.567862 -0.016550  0.822781
528 361.764500  12.055664  -0.855133 241.798299 -0.013093 -0.734797 -0.008749  0.678104
64 51.219640  11.747164  -0.857749 241.915540 -0.013962 -0.737353 -0.007153  0.675326
536 369.949600 -18.725447  -0.250600 257.787249 -0.007027 -0.018265  0.004584  0.999798
72 63.035810 -18.737763  -0.286592 255.590317 -0.007097 -0.014549  0.002447  0.999866
548 376.790400 -23.603469  -0.171382 337.249230 -0.007174 -0.032775  0.005131  0.999424
84 71.432160 -23.565937  -0.178555 336.843862 -0.006280 -0.032442  0.004305  0.999445
556 382.797300 -34.653326   0.110063 373.388694 -0.025411 -0.745586  0.002901  0.665918
91 78.062560 -34.648170   0.086345 372.408097 -0.023051 -0.706585  0.000157  0.707253
564 387.467800 -75.773868   0.982230 368.322988 -0.009359 -0.736300 -0.015265  0.676419
99 83.250970 -75.437452   0.976902 368.197860 -0.007393 -0.743103 -0.018600  0.668878
576 395.241100 -153.506133    2.267341  362.301199 -0.012039 -0.733032 -0.013816  0.679947
112 93.409390 -155.610612    2.269372  362.098965 -0.005776 -0.734872 -0.009842  0.678110
704 463.223300 -0.404841 -0.189708 15.726684  0.005292 -0.024581 -0.004322  0.999675
2 2.073666 -0.744036 -0.208861 16.099440  0.003163 -0.030395 -0.004876  0.999521
